  \section{Correlation Result}\label{app:corr_result}

    The correlation result of Section \ref{sec:quanti analysis} is shown in Tables
    \ref{tab:cosine-correlation-1}, \ref{tab:cosine-correlation-2}, \ref{tab:cosine-correlation-3},
    \ref{tab:pearson-correlation-1},\ref{tab:pearson-correlation-2}, and \ref{tab:pearson-correlation-3}. In these tables, the larger the value of correlation coefficient is, the closer of two factors. In addition, when the Pearson correlation coefficient of the two variables are close to 1, the two variables are positively related, and when it is close to -1, the two variables are negatively related, and close to 0 is irrelevant.

    \begin{table*}[htbp]
      \centering
      \scriptsize
      \caption{The result of cosine correlation coefficient (I).}
      \label{tab:cosine-correlation-1}
        \begin{tabular}{cccccccc}
        \toprule
        &	x1	&	x2	&	x3	&	x4	&	x5	&	x6	&	x7	\\
        \midrule
        x1	&	1	&	0.792220375	&	0.731524114	&	0.7327336	&	0.727465838	&	0.862661066	&	0.60264548	\\
        x2	&	0.792220375	&	1	&	0.594632308	&	0.681729263	&	0.62395357	&	0.937754738	&	0.898793561	\\
        x3	&	0.731524114	&	0.594632308	&	1	&	0.987337482	&	0.997177509	&	0.798735305	&	0.659163001	\\
        x4	&	0.7327336	&	0.681729263	&	0.987337482	&	1	&	0.994995195	&	0.854064118	&	0.745119433	\\
        x5	&	0.727465838	&	0.62395357	&	0.997177509	&	0.994995195	&	1	&	0.813161737	&	0.688700142	\\
        x6	&	0.862661066	&	0.937754738	&	0.798735305	&	0.854064118	&	0.813161737	&	1	&	0.879164712	\\
        x7	&	0.60264548	&	0.898793561	&	0.659163001	&	0.745119433	&	0.688700142	&	0.879164712	&	1	\\
        x8	&	0.725944115	&	0.603179357	&	0.993741589	&	0.987912883	&	0.993855363	&	0.798170473	&	0.676957159	\\
        x9	&	0.732170439	&	0.694146327	&	0.98363012	&	0.999685365	&	0.992764701	&	0.860842248	&	0.75612903	\\
        x10	&	0.866444207	&	0.944720922	&	0.594950032	&	0.655043411	&	0.614516038	&	0.90046124	&	0.746098759	\\
        x12	&	0.86396519	&	0.61306906	&	0.959328562	&	0.929312338	&	0.946712746	&	0.812035776	&	0.5889228	\\
        x13	&	0.742826669	&	0.680487106	&	0.989133261	&	0.999053973	&	0.994717977	&	0.858296856	&	0.733920908	\\
        x14	&	0.746515181	&	0.760341418	&	0.956519988	&	0.98798779	&	0.970612241	&	0.901153176	&	0.792684128	\\
        x15	&	0.737752474	&	0.662657062	&	0.992586406	&	0.998548379	&	0.997912025	&	0.841206768	&	0.718748948	\\
        x16	&	0.694356439	&	0.52298809	&	0.97999163	&	0.959311942	&	0.979681042	&	0.715404362	&	0.565031792	\\
        x17	&	0.731084538	&	0.679013129	&	0.987082827	&	0.999609095	&	0.995409004	&	0.849915435	&	0.743149134	\\
        x18	&	0.862448289	&	0.683117654	&	0.954947395	&	0.94874846	&	0.956323369	&	0.842394636	&	0.642493127	\\
        x19	&	0.728356011	&	0.692537465	&	0.981980734	&	0.998756784	&	0.992166861	&	0.857643493	&	0.753415117	\\
        x20	&	0.697060539	&	0.666373438	&	0.95860167	&	0.977751384	&	0.973944287	&	0.807019917	&	0.75908187	\\
        x21	&	0.726058181	&	0.770893974	&	0.945617633	&	0.983789345	&	0.962595872	&	0.901913059	&	0.814814263	\\
        \bottomrule
        \end{tabular}%
    \end{table*}%

    \begin{table*}[htbp]
      \centering
      \scriptsize
      \caption{The result of cosine correlation coefficient (II).}
      \label{tab:cosine-correlation-2}
        \begin{tabular}{cccccccc}
        \toprule
        &	x8	&	x9	&	x10	&	x12	&	x13	&	x14	&	x15	\\
        \midrule
        x1	&	0.725944115	&	0.732170439	&	0.866444207	&	0.86396519	&	0.742826669	&	0.746515181	&	0.737752474	\\
        x2	&	0.603179357	&	0.694146327	&	0.944720922	&	0.61306906	&	0.680487106	&	0.760341418	&	0.662657062	\\
        x3	&	0.993741589	&	0.98363012	&	0.594950032	&	0.959328562	&	0.989133261	&	0.956519988	&	0.992586406	\\
        x4	&	0.987912883	&	0.999685365	&	0.655043411	&	0.929312338	&	0.999053973	&	0.98798779	&	0.998548379	\\
        x5	&	0.993855363	&	0.992764701	&	0.614516038	&	0.946712746	&	0.994717977	&	0.970612241	&	0.997912025	\\
        x6	&	0.798170473	&	0.860842248	&	0.90046124	&	0.812035776	&	0.858296856	&	0.901153176	&	0.841206768	\\
        x7	&	0.676957159	&	0.75612903	&	0.746098759	&	0.5889228	&	0.733920908	&	0.792684128	&	0.718748948	\\
        x8	&	1	&	0.984104975	&	0.585504071	&	0.947650299	&	0.987721491	&	0.956730243	&	0.989830301	\\
        x9	&	0.984104975	&	1	&	0.66597694	&	0.92351867	&	0.998353547	&	0.99093333	&	0.997569158	\\
        x10	&	0.585504071	&	0.66597694	&	1	&	0.6588732	&	0.661308781	&	0.73576515	&	0.648028032	\\
        x12	&	0.947650299	&	0.92351867	&	0.6588732	&	1	&	0.936203575	&	0.894756609	&	0.940765003	\\
        x13	&	0.987721491	&	0.998353547	&	0.661308781	&	0.936203575	&	1	&	0.988014749	&	0.998541662	\\
        x14	&	0.956730243	&	0.99093333	&	0.73576515	&	0.894756609	&	0.988014749	&	1	&	0.983016986	\\
        x15	&	0.989830301	&	0.997569158	&	0.648028032	&	0.940765003	&	0.998541662	&	0.983016986	&	1	\\
        x16	&	0.97337339	&	0.955000012	&	0.553999444	&	0.935537813	&	0.959278497	&	0.922051962	&	0.969386759	\\
        x17	&	0.98669135	&	0.999339066	&	0.651665995	&	0.928581861	&	0.998205516	&	0.986697889	&	0.998545351	\\
        x18	&	0.947616852	&	0.946414741	&	0.712531271	&	0.975082916	&	0.952199908	&	0.931980926	&	0.958130581	\\
        x19	&	0.980769441	&	0.999199276	&	0.663376498	&	0.919763521	&	0.997225724	&	0.990129109	&	0.996673375	\\
        x20	&	0.968839046	&	0.978572515	&	0.623555106	&	0.89108149	&	0.968823255	&	0.959819419	&	0.974791625	\\
        x21	&	0.949405984	&	0.987446378	&	0.730156717	&	0.874391622	&	0.982021785	&	0.997632757	&	0.976068607	\\
        \bottomrule
        \end{tabular}%
    \end{table*}%

    \begin{table*}[htbp]
      \centering
      \scriptsize
      \caption{The result of cosine correlation coefficient (III).}
      \label{tab:cosine-correlation-3}
        \begin{tabular}{cccccccc}
        \toprule
        &	x16	&	x17	&	x18	&	x19	&	x20	&	x21	&	-	\\
        \midrule
        x1	&	0.694356439	&	0.731084538	&	0.862448289	&	0.728356011	&	0.697060539	&	0.726058181	&	-	\\
        x2	&	0.52298809	&	0.679013129	&	0.683117654	&	0.692537465	&	0.666373438	&	0.770893974	&	-	\\
        x3	&	0.97999163	&	0.987082827	&	0.954947395	&	0.981980734	&	0.95860167	&	0.945617633	&	-	\\
        x4	&	0.959311942	&	0.999609095	&	0.94874846	&	0.998756784	&	0.977751384	&	0.983789345	&	-	\\
        x5	&	0.979681042	&	0.995409004	&	0.956323369	&	0.992166861	&	0.973944287	&	0.962595872	&	-	\\
        x6	&	0.715404362	&	0.849915435	&	0.842394636	&	0.857643493	&	0.807019917	&	0.901913059	&	-	\\
        x7	&	0.565031792	&	0.743149134	&	0.642493127	&	0.753415117	&	0.75908187	&	0.814814263	&	-	\\
        x8	&	0.97337339	&	0.98669135	&	0.947616852	&	0.980769441	&	0.968839046	&	0.949405984	&	-	\\
        x9	&	0.955000012	&	0.999339066	&	0.946414741	&	0.999199276	&	0.978572515	&	0.987446378	&	-	\\
        x10	&	0.553999444	&	0.651665995	&	0.712531271	&	0.663376498	&	0.623555106	&	0.730156717	&	-	\\
        x12	&	0.935537813	&	0.928581861	&	0.975082916	&	0.919763521	&	0.89108149	&	0.874391622	&	-	\\
        x13	&	0.959278497	&	0.998205516	&	0.952199908	&	0.997225724	&	0.968823255	&	0.982021785	&	-	\\
        x14	&	0.922051962	&	0.986697889	&	0.931980926	&	0.990129109	&	0.959819419	&	0.997632757	&	-	\\
        x15	&	0.969386759	&	0.998545351	&	0.958130581	&	0.996673375	&	0.974791625	&	0.976068607	&	-	\\
        x16	&	1	&	0.961156517	&	0.942463172	&	0.955925553	&	0.944962064	&	0.910325138	&	-	\\
        x17	&	0.961156517	&	1	&	0.951255956	&	0.999313975	&	0.980018028	&	0.982225161	&	-	\\
        x18	&	0.942463172	&	0.951255956	&	1	&	0.946605423	&	0.928271849	&	0.914028178	&	-	\\
        x19	&	0.955925553	&	0.999313975	&	0.946605423	&	1	&	0.977842907	&	0.986792429	&	-	\\
        x20	&	0.944962064	&	0.980018028	&	0.928271849	&	0.977842907	&	1	&	0.958724503	&	-	\\
        x21	&	0.910325138	&	0.982225161	&	0.914028178	&	0.986792429	&	0.958724503	&	1	&	-	\\
        \bottomrule
        \end{tabular}%
    \end{table*}%

    \begin{table*}[htbp]
      \centering
      \scriptsize
      \caption{The result of Pearson correlation coefficient (I).}
      \label{tab:pearson-correlation-1}
        \begin{tabular}{cccccccc}
        % \begin{tabular}{cc|cc|cp{5cm}<{\centering}}
        \toprule
        &	x1	&	x2	&	x3	&	x4	&	x5	&	x6	&	x7	\\
        \midrule
        x1	&	1	&	0.067560655	&	-0.163212412	&	-0.382259182	&	-0.265698403	&	0.217388536	&	-0.465732592	\\
        x2	&	0.067560655	&	1	&	-0.881833828	&	-0.80074342	&	-0.884775304	&	0.679668177	&	0.632531244	\\
        x3	&	-0.163212412	&	-0.881833828	&	1	&	0.965185303	&	0.991403878	&	-0.331469858	&	-0.285526693	\\
        x4	&	-0.382259182	&	-0.80074342	&	0.965185303	&	1	&	0.983625863	&	-0.307124528	&	-0.088918352	\\
        x5	&	-0.265698403	&	-0.884775304	&	0.991403878	&	0.983625863	&	1	&	-0.396789066	&	-0.239918321	\\
        x6	&	0.217388536	&	0.679668177	&	-0.331469858	&	-0.307124528	&	-0.396789066	&	1	&	0.592097753	\\
        x7	&	-0.465732592	&	0.632531244	&	-0.285526693	&	-0.088918352	&	-0.239918321	&	0.592097753	&	1	\\
        x8	&	-0.185264308	&	-0.838513946	&	0.972094585	&	0.969162829	&	0.97569454	&	-0.331148064	&	-0.215371532	\\
        x9	&	-0.423707106	&	-0.783901122	&	0.953754247	&	0.998691677	&	0.976698191	&	-0.306581596	&	-0.056776678	\\
        x10	&	0.418738181	&	0.742660377	&	-0.820224826	&	-0.878733808	&	-0.865890216	&	0.437067675	&	0.044569029	\\
        x12	&	0.416981702	&	-0.775620175	&	0.820388083	&	0.653844888	&	0.752416582	&	-0.203741483	&	-0.541289008	\\
        x13	&	-0.329492619	&	-0.809734294	&	0.975386382	&	0.993566031	&	0.982173083	&	-0.26931947	&	-0.142767936	\\
        x14	&	-0.571821907	&	-0.648771602	&	0.850340773	&	0.938449494	&	0.880991034	&	-0.206839624	&	0.045118441	\\
        x15	&	-0.318045684	&	-0.849643577	&	0.9849512	&	0.99143028	&	0.995240547	&	-0.357700437	&	-0.187241781	\\
        x16	&	-0.189895931	&	-0.979395326	&	0.929978265	&	0.882684677	&	0.941935208	&	-0.643794157	&	-0.504871462	\\
        x17	&	-0.390524726	&	-0.815486504	&	0.963655483	&	0.99734574	&	0.986000604	&	-0.345300806	&	-0.097934386	\\
        x18	&	0.302265194	&	-0.83203178	&	0.788804003	&	0.643407948	&	0.752342214	&	-0.465702467	&	-0.602756012	\\
        x19	&	-0.451435293	&	-0.802667151	&	0.945937606	&	0.99242496	&	0.97421378	&	-0.348638546	&	-0.07352339	\\
        x20	&	-0.427117854	&	-0.696927255	&	0.804391575	&	0.875981844	&	0.86240767	&	-0.483072127	&	0.043034866	\\
        x21	&	-0.693742061	&	-0.551707549	&	0.768184622	&	0.898443302	&	0.815326733	&	-0.176074328	&	0.184359443	\\
        \bottomrule
        \end{tabular}%
    \end{table*}%

    \begin{table*}[htbp]
      \centering
      \scriptsize
      \caption{The result of Pearson correlation coefficient (II).}
      \label{tab:pearson-correlation-2}
        \begin{tabular}{cccccccc}
        % \begin{tabular}{cc|cc|cp{5cm}<{\centering}}
        \toprule
        &	x8	&	x9	&	x10	&	x12	&	x13	&	x14	&	x15	\\
        \midrule
        x1	&	-0.185264308	&	-0.423707106	&	0.418738181	&	0.416981702	&	-0.329492619	&	-0.571821907	&	-0.318045684	\\
        x2	&	-0.838513946	&	-0.783901122	&	0.742660377	&	-0.775620175	&	-0.809734294	&	-0.648771602	&	-0.849643577	\\
        x3	&	0.972094585	&	0.953754247	&	-0.820224826	&	0.820388083	&	0.975386382	&	0.850340773	&	0.9849512	\\
        x4	&	0.969162829	&	0.998691677	&	-0.878733808	&	0.653844888	&	0.993566031	&	0.938449494	&	0.99143028	\\
        x5	&	0.97569454	&	0.976698191	&	-0.865890216	&	0.752416582	&	0.982173083	&	0.880991034	&	0.995240547	\\
        x6	&	-0.331148064	&	-0.306581596	&	0.437067675	&	-0.203741483	&	-0.26931947	&	-0.206839624	&	-0.357700437	\\
        x7	&	-0.215371532	&	-0.056776678	&	0.044569029	&	-0.541289008	&	-0.142767936	&	0.045118441	&	-0.187241781	\\
        x8	&	1	&	0.95743236	&	-0.859135667	&	0.769185047	&	0.968412234	&	0.853931392	&	0.970975985	\\
        x9	&	0.95743236	&	1	&	-0.874133728	&	0.61994248	&	0.98923801	&	0.949595563	&	0.987188271	\\
        x10	&	-0.859135667	&	-0.874133728	&	1	&	-0.515946695	&	-0.845879712	&	-0.742887363	&	-0.858562184	\\
        x12	&	0.769185047	&	0.61994248	&	-0.515946695	&	1	&	0.691382972	&	0.426093493	&	0.716450524	\\
        x13	&	0.968412234	&	0.98923801	&	-0.845879712	&	0.691382972	&	1	&	0.938136437	&	0.991437358	\\
        x14	&	0.853931392	&	0.949595563	&	-0.742887363	&	0.426093493	&	0.938136437	&	1	&	0.914013072	\\
        x15	&	0.970975985	&	0.987188271	&	-0.858562184	&	0.716450524	&	0.991437358	&	0.914013072	&	1	\\
        x16	&	0.903139976	&	0.871961067	&	-0.796155292	&	0.75160537	&	0.882874214	&	0.757100675	&	0.920914935	\\
        x17	&	0.962318131	&	0.996281299	&	-0.896613962	&	0.649892018	&	0.987802087	&	0.927327305	&	0.991388893	\\
        x18	&	0.748711109	&	0.613091973	&	-0.592420356	&	0.90863729	&	0.667014414	&	0.421213033	&	0.721360118	\\
        x19	&	0.939999091	&	0.994142776	&	-0.898614966	&	0.598322264	&	0.981483019	&	0.939910839	&	0.98160084	\\
        x20	&	0.855134233	&	0.883262026	&	-0.848453547	&	0.481394669	&	0.822033846	&	0.783780493	&	0.858196149	\\
        x21	&	0.796930009	&	0.915078513	&	-0.761538561	&	0.285871587	&	0.882541647	&	0.973558928	&	0.85211322	\\
        \bottomrule
        \end{tabular}%
    \end{table*}%

    \begin{table*}[htbp]
      \centering
      \scriptsize
      \caption{The result of Pearson correlation coefficient (III).}
      \label{tab:pearson-correlation-3}
        \begin{tabular}{cccccccc}
        \toprule
          &	x16	&	x17	&	x18	&	x19	&	x20	&	x14	&	-	\\
        \midrule
          x1	&	-0.189895931	&	-0.390524726	&	0.302265194	&	-0.451435293	&	-0.427117854	&	-0.693742061	&	-	\\
          x2	&	-0.979395326	&	-0.815486504	&	-0.83203178	&	-0.802667151	&	-0.696927255	&	-0.551707549	&	-	\\
          x3	&	0.929978265	&	0.963655483	&	0.788804003	&	0.945937606	&	0.804391575	&	0.768184622	&	-	\\
          x4	&	0.882684677	&	0.99734574	&	0.643407948	&	0.99242496	&	0.875981844	&	0.898443302	&	-	\\
          x5	&	0.941935208	&	0.986000604	&	0.752342214	&	0.97421378	&	0.86240767	&	0.815326733	&	-	\\
          x6	&	-0.643794157	&	-0.345300806	&	-0.465702467	&	-0.348638546	&	-0.483072127	&	-0.176074328	&	-	\\
          x7	&	-0.504871462	&	-0.097934386	&	-0.602756012	&	-0.07352339	&	0.043034866	&	0.184359443	&	-	\\
          x8	&	0.903139976	&	0.962318131	&	0.748711109	&	0.939999091	&	0.855134233	&	0.796930009	&	-	\\
          x9	&	0.871961067	&	0.996281299	&	0.613091973	&	0.994142776	&	0.883262026	&	0.915078513	&	-	\\
          x10	&	-0.796155292	&	-0.896613962	&	-0.592420356	&	-0.898614966	&	-0.848453547	&	-0.761538561	&	-	\\
          x12	&	0.75160537	&	0.649892018	&	0.90863729	&	0.598322264	&	0.481394669	&	0.285871587	&	-	\\
          x13	&	0.882874214	&	0.987802087	&	0.667014414	&	0.981483019	&	0.822033846	&	0.882541647	&	-	\\
          x14	&	0.757100675	&	0.927327305	&	0.421213033	&	0.939910839	&	0.783780493	&	0.973558928	&	-	\\
          x15	&	0.920914935	&	0.991388893	&	0.721360118	&	0.98160084	&	0.858196149	&	0.85211322	&	-	\\
          x16	&	1	&	0.891693278	&	0.804655047	&	0.878689532	&	0.792212023	&	0.677176228	&	-	\\
          x17	&	0.891693278	&	1	&	0.661069219	&	0.996406448	&	0.889647007	&	0.885139863	&	-	\\
          x18	&	0.804655047	&	0.661069219	&	1	&	0.61225068	&	0.570849018	&	0.267071863	&	-	\\
          x19	&	0.878689532	&	0.996406448	&	0.61225068	&	1	&	0.879206021	&	0.906827816	&	-	\\
          x20	&	0.792212023	&	0.889647007	&	0.570849018	&	0.879206021	&	1	&	0.772359461	&	-	\\
          x21	&	0.677176228	&	0.885139863	&	0.267071863	&	0.906827816	&	0.772359461	&	1	&	-	\\
        \bottomrule
        \end{tabular}%
    \end{table*}
